start=74.116000
volume=36.000000
border=yes
aid=1
sid=1
sub-delay=-0.000000
