start=2567.125000
speed=1.100000
pause=yes
volume=70.000000
