start=2843.215000
volume=20.000000
fullscreen=no
border=yes
aid=1
sid=1
