start=7785.288000
pause=yes
volume=70.000000
fullscreen=yes
sub-delay=0.100000
