start=517.080000
pause=yes
volume=28.000000
sub-delay=0.100000
