start=459.300000
speed=1.210000
pause=yes
volume=44.000000
fullscreen=yes
