start=43.043000
volume=30.000000
fullscreen=yes
