start=2925.000000
pause=yes
volume=44.000000
