start=3075.364000
pause=yes
volume=32.000000
fullscreen=yes
brightness=3
