start=3672.111571
speed=1.331000
pause=yes
volume=60.000000
